26.538723945617676 26.272788047790527 0.034133195877075195 0.04461097717285156 0.5884521007537842 11.026426553726196
26.14613389968872 25.877888679504395 0.036093950271606445 0.04481673240661621 0.5907034873962402 10.937131643295288
26.744590997695923 26.473023653030396 0.03598952293395996 0.03659820556640625 0.5846519470214844 11.41610336303711
26.692702531814575 26.391240119934082 0.0531613826751709 0.05424094200134277 0.5902233123779297 11.119053602218628
26.86416721343994 26.570375204086304 0.033165931701660156 0.036727190017700195 0.5796537399291992 10.989139318466187
26.719542264938354 26.41480278968811 0.037593841552734375 0.03952932357788086 0.5922737121582031 11.009011030197144
26.742623567581177 26.450260400772095 0.03609418869018555 0.04190802574157715 0.5786802768707275 10.689416646957397
27.228611707687378 26.932141065597534 0.03833508491516113 0.03746533393859863 0.5872898101806641 11.228416681289673
27.013728380203247 26.71332550048828 0.03759360313415527 0.04163646697998047 0.6006560325622559 10.85088562965393
26.929163217544556 26.640701055526733 0.03458881378173828 0.03609442710876465 0.5830051898956299 10.929975509643555
27.09596872329712 26.801379442214966 0.04097604751586914 0.04754495620727539 0.5769162178039551 10.641595840454102
26.859987258911133 26.5498104095459 0.03944063186645508 0.04110383987426758 0.5834956169128418 11.17266035079956
26.17652654647827 25.884974718093872 0.04357790946960449 0.04236030578613281 0.5846562385559082 10.846067905426025
27.23839259147644 26.92650294303894 0.05012822151184082 0.06667280197143555 0.5857079029083252 11.023245096206665
27.04408836364746 26.73327136039734 0.038771867752075195 0.041216135025024414 0.5887298583984375 10.718641757965088
26.155890226364136 25.870782375335693 0.03458356857299805 0.03709697723388672 0.6098232269287109 11.184598207473755
27.337697744369507 27.04004955291748 0.056142330169677734 0.040617942810058594 0.5910537242889404 10.966830015182495
27.01286029815674 26.71137809753418 0.037093162536621094 0.04561734199523926 0.6056849956512451 11.199933767318726
28.032720804214478 27.710659503936768 0.03709602355957031 0.038602590560913086 0.582146406173706 11.649207830429077
28.049460411071777 27.71153473854065 0.054036617279052734 0.04686284065246582 0.5887959003448486 10.974685192108154
26.799302577972412 26.52143430709839 0.03852701187133789 0.043111324310302734 0.5900111198425293 11.102477312088013
26.87412738800049 26.57791233062744 0.035169124603271484 0.03852701187133789 0.5813601016998291 10.897186279296875
27.121827840805054 26.823974609375 0.04140925407409668 0.04921865463256836 0.6065800189971924 11.330709218978882
27.344499349594116 27.058648347854614 0.043602705001831055 0.045520782470703125 0.5854818820953369 10.898123025894165
26.566097259521484 26.271052598953247 0.03922319412231445 0.040101051330566406 0.577143669128418 11.040104150772095
26.680846691131592 26.38856315612793 0.03655862808227539 0.04465222358703613 0.5907890796661377 11.119649648666382
26.660444259643555 26.378788232803345 0.03558540344238281 0.03709602355957031 0.5807960033416748 10.622473955154419
26.819812059402466 26.535330772399902 0.03709721565246582 0.04160261154174805 0.5820844173431396 10.948576211929321
26.912395238876343 26.6135995388031 0.052468061447143555 0.03713202476501465 0.5927073955535889 10.894497394561768
26.91395592689514 26.60265016555786 0.03990340232849121 0.039099931716918945 0.5887949466705322 11.157708406448364
