0.3620438575744629
0.5083253383636475
0.3798971176147461
0.19539904594421387
0.23048186302185059
0.17049765586853027
0.1217198371887207
0.43521690368652344
0.5023972988128662
0.4337596893310547
0.5110056400299072
0.4062190055847168
0.3225522041320801
0.2837562561035156
0.23195099830627441
0.27394556999206543
0.20759057998657227
0.20378780364990234
0.3316516876220703
0.22537732124328613
0.27071070671081543
0.4331061840057373
0.5828526020050049
0.4068577289581299
0.4000425338745117
0.3696582317352295
0.35683250427246094
0.561314582824707
0.19726085662841797
0.4924800395965576
0.302692174911499
0.23898935317993164
0.20758652687072754
0.5549278259277344
0.3258488178253174
0.45242857933044434
0.17321300506591797
0.8729946613311768
0.8285753726959229
0.5460050106048584
0.31531190872192383
0.4349992275238037
0.17094039916992188
0.43132686614990234
0.3731112480163574
0.24998688697814941
1.038017988204956
1.105804443359375
0.38669800758361816
0.4652853012084961
0.3710489273071289
0.16955184936523438
0.11547040939331055
0.2432878017425537
0.09797954559326172
0.6307339668273926
0.7070555686950684
0.8462488651275635
0.7043006420135498
0.6045591831207275
